"residual"
0.384180324819622
-0.439585503107429
-0.445645458711314
-0.0905858959035134
-0.399678526738565
-0.620869600038944
-0.118966542874146
0.0251681822662481
-0.388501235467005
-0.499848159925249
-0.158216328095789
-0.602452043956075
-0.245028882668954
-0.504615392970707
-1.04475656313988
-0.461057288469989
-0.244983165523214
-0.0533891452729226
0.150866545574017
0.952510855451322
0.763258982100834
-0.700719020852764
-0.75281551566484
-1.60436520134417
-0.901477903373915
0.111400610041059
-0.441862412709717
-0.41862986246228
-0.195199810666396
-0.37810815799828
0.814668486867468
0.184887878826745
-0.492340312713798
0.0678091716569544
1.63472815463006
-0.995526510185847
-0.0860457595198172
0.945601941133449
-0.276686912641261
0.195616074669346
-0.920040509160195
2.11957038809388
0.451823187879042
0.735894638120347
1.47670107784975
-0.118054956197769
0.616158272676641
1.02753061986282
0.0611006650976281
-0.35376524669605
0.358101079067804
0.567255593341148
0.235929994240678
0.664462412117609
0.775778608293754
0.741906431286488
0.281731509803828
0.252861306608802
-1.02181164413679
-0.0391510565132041
-0.678934253128491
-0.113651905715852
-0.346829593790371
-0.0800106407672698
0.759169510529373
0.399014048438622
-0.743395482868237
-0.727072996995323
0.155142146203011
-0.329205293726387
-0.0027832166592312
-1.20812761161117
-1.3789377238406
-0.226611622120996
-0.732415158675111
-0.416053417491993
0.038005503157976
-0.594786074839755
-0.629020526092475
0.117312244036629
-1.08889532738727
-0.536752247336653
-0.535193928703527
2.56538921527997
0.385401549139569
-0.00044828351626808
-0.374749998600221
-0.265241476582436
0.463135484724224
1.0613640290817
-0.662334260648394
0.114068302536931
-0.876060114979904
-0.694343531443776
0.644936308543615
-2.41363480647622
-0.260904281682382
-0.300159823098473
0.342539457252945
0.281097665583097
4.57545657327619
0.563319844353412
0.389810597851702
-0.404969531871015
-1.19057905790433
-0.476384915724379
-1.16518993343796
-0.710954211354241
-0.140709720583762
-0.784735987823544
0.0288470448595612
-0.953977475919898
0.694338826290541
0.877051018511077
-0.262530846863984
-0.388239051328595
-0.544591047758097
0.485278627646374
-0.246748455856288
-0.157844831925012
1.30577515238542
-0.63752139045346
0.25264494217412
-0.195933715676446
-0.134321109742385
0.449475566756309
0.599274709622594
-0.965609427609785
0.51593442109682
-0.280996635943513
0.356209426868833
0.401124667115854
-0.412856255859754
0.789983101225111
1.39513254501104
-2.79222724532121
-0.973794103675384
0.411403857962572
-0.0606279904209416
-0.407173552199013
0.316082110170449
0.617202933667233
-0.13263802139117
1.12000158947523
0.19893332905761
0.274554522486864
-0.714422581889635
-1.15758989929315
0.0653434416177014
-0.623839986042617
0.170653208179296
-0.533554087577814
0.460233213842679
-0.760104808120579
-0.0714742426990282
0.366841711576634
-0.226787433190959
-0.0779421529665277
-0.120596439012038
-12.2281446840956
-0.246244623121808
-1.38619786945281
0.392511006202582
0.546065413517436
-0.142158910020134
-0.215876162848515
0.232259802963525
-1.03307650224982
-0.120082554546198
0.098658076382657
-0.307468743823129
-0.597976690179624
0.168437770397262
-0.605939994221886
0.644186607288403
-0.229913909209382
1.5379018239426
0.472766015846677
-0.0818596707521284
-1.33147303688684
-1.11579136633828
0.320194783474176
-0.166055579932504
-0.620041278411763
-0.869488770801869
-0.236240511924007
0.122695360602783
-0.493412453705963
-0.547864029399543
-0.527758045039421
0.872850723582268
0.426981449698115
1.16655146852266
-0.0168527423913424
1.30109571263467
-0.546595201048284
-1.006151966439
0.747493273069393
0.0568788848015449
0.732795165764278
0.762274969440155
-0.490248001030066
1.01040830724479
-0.961157276727264
0.286761693045711
-0.51910093324968
0.483627903310464
-1.12788524641923
-1.23960408336927
-0.984544330281948
0.0324123969137075
0.439508448730652
0.630695067519067
1.68652014429963
-1.41709910419902
2.36246018186594
0.241319610744403
0.450134986177289
0.300385797108862
-1.21676122663284
0.814798942191175
-0.468371448548244
-0.200765667818335
0.68946138239711
-0.257280268487035
0.151617378596009
-0.224356473792308
0.267417837035643
0.275800693921128
-0.134860884093276
0.236759807799983
0.485854820261628
0.188638003910493
-0.0584520388433308
3.53612302290794
0.889401667382179
-1.48260933115347
0.0820563600154291
0.140824800305925
0.261214385449409
-0.0869628512625562
-0.182831630980505
-0.378980826537589
0.389303502910035
-0.822464496042383
-0.0616804838749271
-0.668170461827139
0.501654433958604
0.98349624433901
0.00215548365973902
0.107392585029877
1.20297247796972
1.78645902846555
-0.272127079311252
0.17359996692374
1.07762644442955
-1.06544593220799
-0.882452047403954
1.71495249331181
0.692043964549398
-0.191983932501533
-0.229929103740493
-0.0348630902306077
-0.0363505428037249
1.99212893769658
-0.139606650813797
-0.24981917383202
-0.615574372889856
-0.181136463929356
-0.626842542582271
2.39865860899564
0.433248882131585
0.201705380035414
-0.110590935711574
0.215110940785904
-0.948749603489861
0.43234958344512
-0.00452673678323597
-0.739620298020321
0.0336983228549244
0.0744224002739743
-0.127607080140058
0.712239973331449
0.672913012939102
0.335595515700973
-0.268920227402424
-0.273528559981092
0.400499504841843
0.408186325060981
0.0394957938195247
1.26149962397653
-0.199899607889358
0.430465231926758
-0.208671753909046
-0.670920418262138
1.63867375333718
-0.441365288144068
2.24750261206515
0.0344800597444131
-0.103926023393639
-0.874192119352535
-1.3973983541202
-0.478115312825366
0.674360891804341
-0.997048466271788
-1.07626749818826
0.735770258760217
-0.871002451830092
-0.614888400272492
-0.608266267952341
1.97038446288194
0.415812967242625
-0.47492222663917
0.353351982028754
1.8377459976194
0.342379961194119
-1.15991999919509
0.264439545086757
0.271858914765775
-0.47714212093498
-1.30758192716141
1.20745211475944
-0.206598035203033
-0.483372913558429
-0.0758352611067862
-0.254900735095406
-0.691997897033881
0.948956946800428
0.0269448205147671
-1.18177735586587
3.52446776687936
1.47271536667594
-0.214472378049379
-0.249975579721241
-0.378292650257209
0.269831184081347
-1.32119896830353
-0.00877546869161998
1.02094572475502
-2.05049572688144
0.347187138239815
-0.259902787405801
-0.208489430851103
1.05099343300904
-0.939808264399632
-1.10577256009597
-1.62097086405903
-0.301707318008839
-0.409156991700366
-0.337477679710588
-0.786663169816363
-0.157865813394268
0.394414293582575
1.00201005249905
0.10263130010061
-2.08075275427332
0.170112922776951
1.28275552215361
0.0454680316510738
-1.34242093710816
0.366020272212789
-3.09109564342759
0.58012046184074
-0.212963700597473
-0.763499822339547
-0.49665523153129
0.56415396898558
-0.531604741006026
-0.690497698345902
-0.111467069818558
0.298125398450527
-1.75517875726767
1.43281033678769
-0.29442670562851
0.0637601900634179
1.07837362379306
-0.0239267169256278
0.949469827094226
-0.624880336426154
0.41220302627408
-1.22808590340409
-0.226176383941197
0.206836342220073
0.237990237553392
-0.373692622127608
0.275472455085541
1.58353173606517
0.0716679192888765
-0.445848911697084
-0.818177884610192
1.05488018625005
0.124127773111352
0.261303483213723
0.269302429346972
-0.764885054039454
0.190166893314735
0.884763342185492
-0.748302325756647
-0.0323525901341594
0.523946366689822
0.263665399358915
2.51563513417935
1.82523433377528
0.902142750026721
-1.15494538192846
0.424786716045802
0.0183094969316823
-0.604976971645619
0.775695468953886
0.154267040411959
0.0196090586971312
0.432070863469806
-0.339902127472043
-0.527750945635626
0.600350552349738
-1.18190807962032
-0.388352818523941
-1.27983495162595
0.800034426146763
0.800938741346279
0.829694456170059
-1.23856181244519
-0.324619992237369
0.288323591135449
-0.45127000223129
-0.872997339486212
-1.88248294769523
0.996745198482044
-0.12703728511636
-0.48292907843393
1.30860450234933
0.264452766838804
-0.134145022617073
-0.00726908735544531
-0.200010484136587
-1.33602078979529
0.497362812933269
-2.03158967120257
-0.0528130713708687
0.0199887781469149
0.857484865846855
-0.162681556018277
-1.03069620467504
0.643900630427016
0.676302202176718
-0.138661643278736
-0.116018493603096
-0.34676293379505
-1.6190808835122
0.364628473859383
1.51111259175183
-0.711905787032472
0.484776790219622
1.91436596423858
0.29075810416449
1.45046017732169
-0.92493726112166
0.0162173949259807
-1.03955957143523
-0.27368134396162
-1.86723617884837
-1.37074319054499
-0.0252124467669019
-0.953230398303067
0.619775812171117
0.430929561768566
-1.29496424723323
1.17821130255772
-0.0249443777592632
0.926465516643957
-2.82626107906226
-0.1844312115666
-0.531717219654847
-0.364726432461289
-0.60655232036941
0.820717818677294
-0.0216975180971205
-0.433129025040085
0.268888976225841
0.126814000039689
1.09516074839999
-1.98982618581253
1.27020881103198
-0.312376729040664
0.513809154113271
0.118400544636217
-0.74056194848387
0.85372968843016
-1.02530886574481
0.0379968874683054
0.908475938038014
-0.04555508505617
0.459378131564526
-0.319102929937847
-0.76325763530674
0.405750412441585
-0.655399128878618
-0.628948386063294
0.482873638570161
2.09562192032495
-0.180501569398432
-0.0728139871774933
-0.123108599159444
0.707129555617396
-0.22804358274891
-0.691681809200917
0.599169882385969
0.274973673894402
-0.0585451316021946
0.650343901606357
0.297094982064902
-0.973794153601253
0.652588180325211
-0.422888763540296
0.721405874340621
2.07766241352116
0.149992489812978
-2.77456577849664
0.726717099535571
0.845625092763707
0.752450520621389
1.65695302961239
6.66879150360011
-0.78345099690732
1.55412312646538
1.85484426686768
0.320138731003581
-0.0410042192495764
-0.554786070254922
-0.542382899481833
-1.44268255494263
-1.19516293843613
-1.47729001759497
-0.505611105625756
1.59923288129124
-0.726123756270289
-0.255182489575888
0.41154028340543
-0.215125112905896
0.852042097714678
-0.537201080878203
-0.210374771210833
-1.74338266194174
0.0905698713005147
0.891320264859432
-0.19483116988518
-0.0225266096100018
-1.10501243745379
-0.264997174015416
2.12117191313132
0.542155478613061
-0.0674182121398505
0.314236681160983
-1.08773102535766
0.529129314279301
1.13176602016433
0.0977797180010231
-0.95512912783729
0.0376901059774044
1.15423229644161
0.826016540392822
0.793203152445545
-1.0272469913054
0.192724357574925
-0.888211786536944
-0.647878178944431
0.197103742871622
-1.67986507739399
0.312341695721372
-1.868457509596
1.3909926419587
-0.188815170755644
-0.643064923875753
0.658281786629802
-0.607536687543586
-1.16894023132926
-0.205529257296292
-0.183405194661789
-1.63938457528677
-0.0766917489573998
1.93087499589899
-0.465740692723116
-0.346193358930632
-0.209767511026942
-0.638261835803492
0.567691949602487
-3.33280324654121
-0.35866624383153
-1.49122228164467
-0.711843754178608
-0.528251182047909
0.535521698431511
-0.482386141431527
0.144562155800878
0.829312008058732
-0.665165880039968
-0.140879972337036
-0.234788199600055
0.0437498919323183
-0.223540744389488
-0.723648664909192
0.228501502660645
0.882848314835696
-0.238983062605575
-0.614193776200004
-1.32056688071633
-0.387221051528631
0.997796713966039
0.866379117559994
-0.967752574417809
0.464764999295665
0.270477313766474
2.12396991460061
-1.09039737036496
-0.0495452958199486
-1.12771261523918
0.512592413925405
1.79774037399763
-1.26499036629676
0.79810745322728
-0.0915306728664574
-0.932380146371034
-0.811270850459949
-0.244464069390343
0.706106117235241
1.73792092528175
-0.540198176874234
-0.274835593032768
0.215920091857153
-0.0352527075768378
-0.733308189429353
0.200686324052942
0.348770586033042
-1.53988636665526
-0.409095467746077
0.292814067405386
1.21404114745715
0.433692267233563
1.35479087995398
0.688185808453207
-0.336181093056306
2.10424835970261
0.54120433429265
-3.35998955776055
-1.6782046973644
-0.18397949127752
1.57008101730206
-0.659056317525463
0.0495946801344872
0.133827304000543
0.822846752747776
-0.174451178357085
0.189513654072878
0.767321176624345
-0.746186849564185
-0.851498925466861
-1.10217608456532
-0.790227417175066
0.294818155179149
-0.675472114405996
0.567331549426872
-0.43876803509395
0.173474121714523
-0.0184484541630748
-0.941209473177245
-0.872553430021014
0.353830030634037
1.28394664683887
-1.40202205457266
0.320212238706884
0.263629819630862
-1.3538204346619
1.7976214376787
1.24232697066573
-0.435654689760669
-0.551255836959508
0.692981686104315
-1.12204231942296
-0.425111320544774
-0.403290976964267
0.948132261019534
-0.973727614860197
-0.216853532293373
-0.224729553784222
-1.09324572439306
-1.62855029721402
0.12238387930671
0.048508777096562
-0.331762144184378
-1.09370622667068
0.335603016939502
-0.376343246077802
-0.209398477480397
1.79211685057105
1.87380808317583
0.385227991274911
-2.77371208885003
-0.342506965867541
0.20781244799289
0.93630640111142
-1.53315099814757
1.01168301901504
-0.965379156142568
0.831024191599779
0.140801988093222
-0.774614827788157
-0.438117593045756
-0.268399244004506
1.41430807910216
1.17762313422665
0.50797950240167
1.06428857777559
-0.364756330676088
0.297319772515548
-0.356094375699964
-0.0329758301961314
-0.200733374299906
-0.242450948735922
-0.501323946875867
-0.0912703003094877
-0.246479370861249
1.24776269250604
-1.12354084730518
0.495956708891652
0.674064071795445
-1.26907119870246
-0.380832676027078
-0.407636844717297
-1.07647998935014
-1.32057854076372
0.791394881251638
-0.0693915487357954
0.589288051289238
1.640740121612
0.460231688971102
-1.48665250922646
-1.45369844159226
-2.33784029635118
0.97961518424495
-0.170962032228609
0.331759930334155
0.0325050964180728
1.86991765718001
1.16767732802852
-3.56659928062712
2.04197685868942
-0.257520574846863
-0.291077875619041
0.0609712724595191
-1.81756057200017
-2.03725063584378
-0.267391045272857
-0.854268483884416
-0.968228474096332
4.74273794995698
-1.24291193987195
-1.27759526101888
1.32980345308797
-0.230213123844664
0.671646960246354
-1.19851787787064
-1.61441459936699
0.671060199217977
-0.325673962730559
-0.721298367890415
1.77626996930071
-0.0990335975840116
-0.345627220092369
-0.295576883680007
0.266771240882759
0.902885470993618
-1.45739640654175
-1.19280233463085
0.59549366927383
-0.214135927512974
-0.120622873125152
-1.00432102664843
1.03439331817193
-1.295737027359
-0.808389666030558
0.45810914035387
-1.50943744702352
-0.859577247028414
2.4289614211427
0.968980136389669
-0.676428327078226
0.473565547935401
-0.283045684963302
-1.68951429921519
0.539564146894001
0.730806972074706
-0.796979876075448
0.786515083411524
1.17332240004194
-0.424721368750461
-0.00558170611501829
-1.29346852896032
-0.114679780726136
-0.387036523599969
0.729343724613322
-0.449570541892561
-0.241595387003245
0.0594413585609415
0.117336324150346
-0.17854258619027
-0.336986346927302
0.569721802387335
0.134960642953519
1.44394560583774
0.27463067486884
0.365277970404712
-2.11576309352142
0.919765267013769
-0.937953471476244
-0.0983822493944587
0.536885657726698
-1.21056360496859
0.216394945047276
0.755126683455958
-2.06281508956071
1.3676540455716
-3.36289746013646
0.0998699561868057
0.566727466053626
0.0231183740290205
0.532131548693509
-0.68198651042236
-0.754700226199357
1.09269998335833
0.971563603469731
0.168567112273199
0.599810761029474
0.926585908096852
-0.353970776301608
-1.02169209168349
0.614797264527777
0.055885173815591
-0.30394290129868
-1.52100833421551
0.0273087831593019
-0.390004446812385
0.137868808562367
-1.51084415124573
-0.0954502292135734
-0.422579485869518
-1.07790387654503
-0.543632725456106
-0.732125110902745
0.155444755347606
0.473400098248514
-1.82536015731086
-0.00279274083568254
-0.297745706386287
2.87836736999763
1.16395904676237
-0.206268980677273
-0.710905115452579
-0.795026932894973
1.23678661468433
0.0887358914710832
0.328794438065965
-0.187974259205281
2.65440749108759
-0.769675471054353
-0.118551841342793
1.83482179441053
-1.30075040982204
-1.17532830611885
1.52702605538573
1.52432069112535
-0.0535294637802426
-0.907836399643566
-0.0065535498056663
-0.024200924033014
0.757693834535268
0.848712684114554
-0.60671099978658
-0.982695012474114
1.66794749817601
-0.983632689440151
-1.02634049485309
0.582637597547218
-0.109329155758728
3.53028640791778
-1.47147998359669
0.436525681098674
-0.00749353724724783
-0.749517619584836
-0.0230408933250898
-0.79739623443295
0.141510473941219
-0.197838054995006
1.00038722535242
-0.274446028170162
0.542264153067345
0.270610730561879
0.704677831448295
-0.342500183369625
0.110283461344159
-1.20931009230334
-0.172660042107221
1.21929558868828
-0.464541154725229
0.641586015443971
0.902487523413087
1.04383852685004
-0.0332195974588692
0.685408401757204
0.184260217996285
0.671396079540969
-0.245654889824961
0.0322303122533782
1.13116469178389
0.64469614568979
1.19562793762935
0.175876886585642
0.610314286126382
-0.503768283598067
1.42117125384172
-2.00952112787251
0.0955354101977142
0.26357893093775
0.731932494407422
-1.1137409237875
1.15666941886035
-0.248273174404969
0.598674421807967
-1.65437370564329
-0.417885724558288
-1.56094896549051
0.0280645700584877
-0.305582636363981
-0.153180755589935
1.96239614793378
-0.306023869880842
2.27226652458535
0.634349927312578
-0.357326847137767
0.482182162606774
0.624656687809654
-0.108897027805975
1.73193914957184
-4.72024479795158
-0.586792294079339
0.570179338257926
0.527298667993514
-0.0133359393984126
-0.55582536737883
0.5349304470937
-0.144724560715824
0.0431213593573266
-0.747350644279713
0.167044789314619
-0.942958751216887
0.791693058676529
0.150013883276757
0.112950456302328
-1.0299605459258
0.975493353623201
0.114335833359944
0.00534461900569621
1.72608902573274
0.480257029725052
-0.0425640021530836
-0.262356936306629
0.302850636254993
-0.0729301953395441
-1.86697508760004
-0.383080285413508
0.57412388962306
1.23450108209545
0.445299222597674
-0.146694493045015
0.523569650691384
-0.419443627445353
0.325632708518687
0.500238994458821
-0.0528587282253673
0.237828145885586
-0.178197831854658
0.0659882425366855
1.46719515337028
-0.249301337270624
-0.57764836118694
0.839364434038091
-0.319333210872281
-0.161300200231827
-2.90382256862955
0.17163130063517
-0.981298480389802
1.26830317560206
-0.0788253710313245
1.57338397592308
-0.381533266603291
0.420482709790592
0.201809779668221
0.385700713416285
2.20837938058625
-0.64601166254464
-0.446331050679414
-0.0273289893357496
0.560781783649301
-0.0294194123283269
4.39895462289042
1.65365943916566
-0.275766605090353
-1.49951957238332
0.422572946720604
-1.23398572197564
0.297129685106162
-0.878258003290752
1.18142161303482
0.884690010136139
0.0651895758877032
1.06218790243028
-0.00383650897022071
0.21622640478104
0.552660674072648
0.637915153286094
-0.291394445779082
1.51560290039443
0.225431624283959
-0.937268838192629
-0.470146429950678
0.77447598320993
-0.136571130024198
-0.384073674715447
-1.62036056398331
0.422618308198111
1.48543829108772
-0.626368151754651
0.0686399098469157
0.329108516986103
-0.562354321363083
-0.641320403022447
0.310241737335801
0.372922992304575
-0.117273768182443
0.682621326733706
-0.325611724393896
-1.30304746775512
2.04283160768979
0.356756768860131
0.738777964223517
0.206277127869845
0.157668339158022
1.05282589182979
-1.28668743843568
-1.34346012962111
1.12090210590038
-0.0323606058824484
-0.548804343189154
-0.883989935697766
0.470398735343301
-1.0577395193179
-0.548224266368649
0.635640814139787
1.4654255872721
-0.296934495326256
0.534863911121152
-1.33605439926109
-1.42077917342894
-2.36697525468345
0.652169877268727
0.307830023809731
0.296913358791811
-1.10091670027539
-1.99877780730099
0.376635421238762
0.0532826338293002
0.288231192572234
-1.62234421410953
0.295978142634531
-0.615534232850816
0.518306454086432
-0.0801856276048787
0.223109474180552
-0.446818698658193
1.14178855597397
0.463756276229035
0.776172349179592
-0.481109419295016
-0.13484761125061
-0.95894910250218
0.617552413193872
-0.115164567865021
0.113283339762865
0.796448204907607
-1.41287642799066
-0.0483897004383675
0.353756308429862
-0.149898036823607
0.0471763534779523
0.392146742004761
0.401289599684456
0.52104013800874
0.191905289494112
-0.00535119462224341
0.176689754220924
0.748917127310439
-0.133050858064828
-0.137415162964691
0.901879970053629
-0.846308834833834
1.10256471391152
-1.19865292416803
-0.280537932429559
0.490739072056171
-1.58858683363793
-0.440466925734519
0.404333889806744
0.0242574146404647
1.71062487093629
1.18634541914937
-0.124967052949879
0.32520982966542
1.07976678728752
0.0828893523138628
-0.711732636546423
1.08993115186706
0.919874376898157
-0.164755418822644
0.116266469426442
-1.49350724797263
0.385253060023613
-0.69352347866684
0.205000621036181
-1.52830440551843
-1.26005659899317
-0.830540567518798
-2.39567640708842
-1.83622810938802
1.494735999432
-0.165613684657056
1.13205005078745
-0.458706141358805
-0.694483797624527
-0.024156793583043
-0.506750799881429
-0.841708235094451
-2.49722961320286
-0.546537635119031
-1.12178827284668
-0.404337569330477
-2.02945931501887
1.66003996693487
-0.3550281656539
0.117590947527309
0.956197415915559
0.654035803414623
-1.89290212627338
-0.829752292515876
-0.316307593169131
-0.555422430252364
0.318338532542976
1.09958309381704
-0.301335844171452
1.8393744332579
-0.373392020246711
0.0838287102148555
-0.8888140649681
-0.343409028920206
-0.847739656377633
-0.576588983554654
-0.865753816447452
-0.41825491848242
-1.82703233007815
-0.528394152528879
0.224920452055463
0.162952150457478
1.85432374107839
0.157294000408469
-0.282337922756071
0.997767191051507
0.512022760499763
0.539649070112292
0.0960963520901091
-1.25818019508419
0.607202172536614
0.442207831665012
-0.741660814155906
1.3667628200095
-0.0928782998258078
0.532686913101209
0.0811236424286811
-0.480195039839023
0.128510781686791
-0.52865215850898
1.11496730656998
-0.415313140150458
-1.00117969320176
-0.821860940574769
0.344674035978608
-1.09860150727711
-0.486915090416104
-0.8380093878092
-0.230541205970683
0.179816675106966
0.738966624936137
0.211286848285839
-0.953264992394039
-0.532909417784243
0.0751342992617217
-0.634880577746076
0.103419681032602
-0.763928639450145
0.233866191868214
-1.25387859409356
1.03105629340904
0.0547771001475678
0.857961708420475
-0.897921342399288
-0.120911590940597
0.163010354861743
-0.484779140250929
3.41636265213682
-0.235289859222621
0.175078266433983
0.4873216337526
-0.334912094939316
0.507118634129028
-0.807649342035201
-1.48455064863575
-0.492344708726142
0.706325580358513
-0.172805265503992
-0.518269268953179
-0.0744243353352791
-0.351549494371907
-1.36389626296955
1.11131616717971
0.160196079636616
0.22005984401054
0.0604307035714963
0.702580343323878
1.43934151396294
-0.365397467526278
0.839421612607373
0.752115387666556
-2.14068031177878
0.489587423091695
0.237756801656977
-0.159123366697409
-0.583061708382571
1.92934729611889
0.34353121458792
0.568842323937492
1.01533179480144
0.706079061294736
1.1479813509885
-1.02277067193103
0.233166784683071
-0.832449884250141
-0.157924142994558
0.32636173731189
-0.0842168776870915
-0.814119919109329
-1.22483639902847
-0.242437197143704
-0.697422555382335
-0.718246853632349
0.687841891040064
-0.467839152693966
0.0580588443331329
-1.83109542726226
0.609502208962617
-0.344118324447443
2.07170386091373
2.11192742028531
0.260369154569672
-0.489629425452433
0.0245790380821669
0.877580926186213
-0.438654479407431
0.624832164724008
-0.291048831899633
0.943051685054784
0.561457678135452
0.0794810188802588
-0.314187863881812
0.69171561776945
0.288597133551801
0.266828353344654
-1.08518273092685
-0.416620292864004
0.65530231189443
-0.334925945743007
2.45301317530732
-0.681353836944258
-1.12094159749982
-0.350006528739588
1.13877810171357
-1.01963353203571
0.229544060062803
0.903799160388378
-0.561797330641156
-0.375570223211448
-0.948242482749576
0.888509250363592
0.127549661667847
0.838373148182245
0.186039217486727
-3.20921877827455
-0.0926177888933794
0.566698845342981
-0.170410943523531
-0.772376529213343
0.243408527030936
1.03609181266072
0.147601212641612
-0.860936159590657
-1.2482570468326
-0.653235627483017
-0.0970496598074692
-0.327579257265765
0.102446393939175
0.454244083236911
-0.46512173060211
-1.35044152738403
-0.0514400622431311
0.432897231047271
-0.663121841189866
0.027921183865881
-1.26134901528282
-0.270237596965049
0.279781574929512
-0.773228687606643
-0.704097890064311
0.477495336858641
-0.112136125647115
-1.47651326631094
0.690853305015028
-0.0254202602274319
-0.925030128390278
-1.74501958296482
-0.0733991010161324
0.00403000730355748
1.35317570813861
0.604028905756306
0.694229824094165
-0.58345786841301
-0.638802868547193
0.169436417020343
0.290706941993518
-0.709205103435179
0.208417826933238
0.154712592827823
0.664068208366611
1.11440382156301
0.0954453079113986
-0.487011241877042
-0.358080580498963
-1.19348318333662
-0.0918387797207248
-0.749260467008978
-0.221964099804003
-1.02079116771707
0.163100481309459
1.94959463842098
-0.806156104506938
1.98468373694207
1.4351327807125
-2.55431763701377
0.548461843791822
-0.699174356250092
0.14581899336381
-0.148018108180743
-0.463534577383294
-0.860141519010185
-0.150925036466237
-0.81941166537886
-1.2483973332223
0.229359426538548
0.469848242197557
-0.655779149209915
-0.889507071840866
-0.097929558736455
0.058851891773895
1.29215677190454
0.195203209128081
0.654220306683466
-1.70864668046715
-0.596681072452543
-0.858713864983288
0.2110628072909
0.0853784779823452
-0.382938292256186
0.0059891179446634
-0.791772527979397
0.908378836124483
0.469449050805414
-1.47222988748608
1.3851112260582
0.513113065341475
0.739769311047047
-0.35161331889387
-0.107124516450268
-1.00918016554016
2.47118198627318
1.48817294326677
-0.491821634964884
0.899059005554822
0.00149206858881993
-0.0245267930691108
0.7627871437094
1.14739997254409
0.348933734597633
-0.854638336127325
-0.296236288334207
0.193525631485477
-0.513651015707082
0.832445335388308
-0.60240173550689
2.66100367820184
-1.29853428207352
0.0485946262776876
1.05031190861325
0.910509197736138
0.3762914813025
-1.99449891308015
0.855950404577192
-0.787921410623196
-0.343315866652763
-1.14256501286898
0.223797203068704
-2.31714083313882
-0.568991747658
-2.50106580801092
-0.535519725887119
1.76900176675785
-0.186356796047474
0.696236276864388
-0.0341172755139041
-0.224975247933265
-1.17177288019234
-1.20678857077809
-0.160521103583039
1.37139152482413
0.296228748631335
-0.659901931191018
1.25664943370816
1.77578922830513
0.609966841308341
-0.722243419230255
-0.756234918240728
-0.54282170691559
0.837003997090361
0.355806605089159
-0.91142599703277
0.235065492029316
0.243380553885375
0.849725771043443
0.905096497709211
0.210335598185442
0.138530000126453
-0.517636649438054
-2.10930903509908
-1.77892422274377
-0.0324456285058287
0.657894775635898
0.387859843305784
-0.205966463846103
-0.291327416811722
-1.16394176303141
-0.734711801135854
1.53238140604584
0.983478629227101
0.789047849712266
-0.201191764525236
1.38831983888796
-0.110446805441654
0.38258777878306
0.136972693257784
-0.635116878935911
0.634819683943078
-0.415114365807754
-0.232365210793038
0.216918871577164
0.0218942852942144
-0.943685068131694
-0.551637769598462
1.47918227049352
-0.646654332033076
-0.82307326467997
-1.44614208345186
0.00125378131579169
1.08405463822637
-0.639556027489467
1.13204849902546
0.712799383923389
-2.06869075719617
0.114729244805556
1.20869463169901
-0.329074775797604
0.320127268897329
-1.4207665858003
-1.06922170493805
-0.490198854651426
-0.612354177514797
-0.441697057213376
-0.665918695497911
0.752469137562962
-0.0960746633017596
1.48974311285503
-0.632953829295081
-0.156991125540169
0.953511514555742
-0.121383010797065
-0.168989759627641
-0.484929179870141
0.629480510053558
-0.473932673062016
0.529749408925098
-0.441569570087915
-0.11619491243021
-0.120749284636414
1.22878665077661
-0.723337772383191
0.0762230562965093
0.518880737441971
-0.603560927247032
0.47510809155519
-0.212985741414773
2.18336368233271
1.56546776775748
0.639776661390083
1.01997035674142
-0.964377859323863
0.190004802081619
-0.349651010849745
0.656302189396689
0.585569146052869
-0.0287275815414866
-0.138246135903399
-0.366926507766066
4.46057738636104
-0.00511716884002296
-1.01253368346421
0.470335888968379
-0.198804708773607
-0.729064424154606
0.883636629632606
-0.251245464279557
0.85330814386724
0.0950638753996754
0.702720871812371
-0.165472347119604
0.34776563328587
0.804627280233699
0.244281448016491
-0.847540900886739
0.161455784437858
-0.449128956917521
-0.659270460501549
3.57013722565875
-0.16122023878699
0.437756340743571
-0.518999060622068
0.206122427099932
0.240625925828112
-0.440064984666175
1.43445789724469
-0.430654376809865
1.48642350893354
-0.639244902059441
-0.823174785269142
-0.698165324363001
0.670684050429664
0.385825085958345
-0.118587844838418
0.0730119073391636
1.76269739064965
0.209664222449758
0.159088148081457
-0.813997245997329
-1.22807257962098
-0.639496364073243
-0.0376341557040287
-0.039182704963787
1.63387629885912
-0.266019381881091
-1.02068521664969
-0.260170879745574
0.328265255769524
0.0172060824686485
-1.13321541102464
-2.17100585976492
0.72251564016071
-2.72203230631056
-0.304731526454515
1.32711957212013
-0.410599188323555
0.533012273799769
0.739058131142525
-0.713578315597669
-0.334853942680674
3.09253853600771
-0.638738267221113
-0.440403538396372
0.510491376764486
-0.231400191761574
-0.238033512654275
-0.523882931954823
-0.137645652991867
-1.79820568828943
-1.02414463516488
0.468094019526687
-0.0865253495435219
0.832952591065834
-1.05577978991817
-0.597240823226306
-0.679562602096249
-0.41164147706416
-0.976362012246833
0.922301987019105
-0.024437465912952
-1.40902611345325
-0.12185490451022
-0.0650492057016235
1.02437990809794
-0.512782537018717
-0.367100335023548
-1.6581046458694
1.76626868086087
-0.270133455279873
0.779658074896711
-1.51599765641279
0.677406976770272
-0.337266429125297
0.35746678789607
1.2842993476701
-0.384672476035132
1.62321235521873
0.383212983493217
-1.54400276371361
0.953493780130438
-1.501283572707
0.211302870022662
0.219033074022248
-0.502761987240038
1.1841647493848
-0.0931230728790645
0.325637860023351
-0.156970801228487
-1.04546212809905
-0.404030424689449
-0.546443756934405
-0.900627508477142
-1.32201124669463
1.34272804718748
0.049453250664174
0.365401736049936
1.45568192469215
0.360506331339196
-1.07579906986008
-1.56790892412957
-0.258130258732649
-0.599142191435665
0.543917945747252
1.03648932818534
-0.251670967912184
-0.350500630750382
-0.153041196497499
-0.468665863760806
1.056279012465
0.344310303769551
0.572871226594631
0.0958030949311146
0.141968425690428
-0.115500697600802
-0.188993018477651
0.112272811040996
1.37044143639042
0.231729178364489
-0.45181748975532
0.0922935308896607
-0.733761119208771
-0.77424970841608
0.69755787333857
0.119553426627914
-0.00755463288141244
-0.970699301865911
1.26922821731575
-1.17718067065036
-0.0561119311573934
2.41490203346819
-1.00284191531606
-0.579662826432235
0.107852135363213
-0.0786499566086859
0.339846562109827
0.628964229755326
-0.060010085975828
-0.142853015002749
-0.424407727775834
1.05333998543522
-0.783460327536078
-2.23124574326581
-0.574498620802167
-0.0770227890927036
-1.04138324897273
-0.694285480328957
0.348671922784909
0.430419675189233
0.365476108891327
-0.513793899511339
-1.50992411668678
-0.761809501825201
-0.120578057933088
0.5535194386526
0.709428567498505
-0.104176617581321
0.200663013121328
-0.298462480843281
-2.39801467149732
-1.55313497394383
0.0634681517199393
-0.389590114153048
-0.0946437061494917
0.745689647513727
0.748766152067269
2.33459494135955
-0.0942995165795675
0.251912766584977
0.500770542781445
-1.96847033416856
-0.641806007998273
-0.00329027601020854
-1.4526728040835
-2.00040847411986
-0.529073714508728
-0.395669163402265
-0.322587450832392
0.39342089330279
-0.084741028120069
0.486755609355371
0.947222145033173
-0.740485878240396
0.577006137479236
-0.969946715514358
-0.768408805694759
-0.455937028559308
-0.175627746849763
0.639232478161925
0.0924311557023041
-0.697148655870502
1.09932919143487
0.846718793257106
-0.236018487318554
-0.363709195000444
-0.789274491014523
1.77322263685255
-0.623666136134697
0.805235443800316
-0.578197872868482
-1.18061789365238
-0.952670576382991
2.27028188775809
-0.776901603123226
-1.04536340004919
-0.134088583544375
-0.318807659368865
0.266214471832968
-0.549281632496201
0.745541866520632
0.0854877907068739
0.669624618084547
-0.428781740014377
0.434042510606354
-0.047576363771404
-0.293917843613465
1.09980146569084
-0.0015044371174945
0.592019050436759
0.0240263413202583
0.216445487300949
-0.511361181255664
-1.19411655123759
1.23998612850211
-1.34876554498009
0.0982083890809047
-0.467239260073472
-0.210049404863845
0.671489431045512
0.785513438825383
-0.00216911192717255
0.367749920914354
-0.0318898558948135
-0.154973323846169
0.789162917289196
-0.637700615011209
-1.26161273926702
0.740734517223075
-1.22567596398022
-0.0577622350585174
1.23498508343666
-0.0886731764371661
0.386703698857806
0.548816025221135
0.556688918495151
-0.88729580696067
0.0890379131099177
-0.51345473339818
-0.482037498242138
0.0615791078870343
-0.0361910182930704
0.692236457273595
-0.423608465948695
0.137806992468524
0.215667207770508
0.448451372000824
-0.350173339557865
-0.432013671342076
-0.0821821705497364
0.764638847332905
0.888027536448795
0.682210399578877
-1.06521462132886
0.0724919905440781
0.316795425111916
-0.542823532398192
4.10374054674907
2.26594127166299
-4.43340631702286
-0.405083662266569
-0.291080327060121
0.634201380874219
-0.400787840395882
-0.154750705153955
2.49301906421272
2.46887602869706
-0.550580545904162
2.48399488861412
0.311586123440071
-0.356905603365935
1.6664036104482
0.930472385844258
0.0701442441974533
0.633103883803452
-0.429951565639953
-0.732246717659568
-0.744501202670675
0.0116528694818385
0.685319098780747
1.55550577000444
0.625377905701376
0.439123979545882
1.67561740367507
0.385339809010315
-0.549932322041851
-0.571989267665033
-1.04484306267683
0.195871835199945
1.55486218212832
-0.342970696976387
0.260734266484052
-0.33887190891318
1.46747770192583
-1.33886572468889
-0.474805024223192
0.312490563495697
1.42781781400862
-0.458183786919077
-1.34020116326737
0.257751952557788
-0.608058363682341
-0.686184950711837
1.09169165249733
-0.807923024422779
-2.15042451844749
-0.415529456063459
0.733542256811239
-0.130399626479282
1.17999498446675
0.431617863402055
-0.191260123143472
-0.384144139765737
-0.846433471138688
0.0833005935882399
0.573074081228138
-0.011092116722499
0.669948396178604
2.0094660136891
-0.0912261715661026
0.962345817666743
0.147427934355206
-1.16773864045006
-0.653166083566208
-8.08707392346672
0.653934392499911
-0.240389928191797
0.135631836319344
-0.723628850555551
0.252737753512657
-0.131324428227468
0.379030042951092
-0.0459136772146227
-0.276271000032497
0.288812110902271
-0.324786583188495
-0.224092576913958
0.736201910406676
1.30653900507277
-0.070141645360464
-0.719699409245873
0.158275800846726
-1.00234395397086
-0.0229705469939146
-0.760224915448472
0.359123656005995
-0.0600238147901604
1.41189701391324
4.21645606915777
-2.25443422716007
-0.351280715293803
0.688226054624293
-0.240138408754101
-2.19145419580746
-0.898917808478723
0.00850417043626424
-0.137667706652483
0.676411772945944
0.989393670206747
0.451076055604023
-0.105370452704037
0.466277343462434
-0.384301342249566
0.162726587972112
0.586317633636089
0.48017925628788
-1.45290640818246
-0.116526127112437
-0.414613094685932
0.391239820871036
0.809561520406744
-0.0252650127323421
0.49106325122713
0.573091878719298
-0.157554408880085
-0.0100798213805129
-1.21210370918226
-0.60119183519708
0.0675947310600672
1.32771150426867
0.669429165274963
0.655430310541142
0.245869484253801
0.519599360703181
0.0289658275224584
0.00850845280068258
-0.991246354671671
-1.85748531557233
-0.129354790633387
4.08368554021528
-0.32155577309104
-0.13488483364244
-0.0118808232166601
-0.299626432551621
0.183223434674536
0.778566703082885
1.37098088170318
2.99259171162148
-1.24701683811372
0.421916386758428
-0.373872791535677
-0.450236091752113
1.36327358521404
-0.288827800313828
-0.366060316372652
-1.19538911256933
-0.357203398560432
0.548574716367128
0.521307384564762
0.257833276135967
0.0785987899648022
-0.621261566309337
0.432328033106955
1.63538649992287
-0.321530187608673
1.16949413734574
-1.85087403163607
0.572966627303014
0.563308930063647
-1.11911038778113
-0.902788867769791
-0.698174885278683
-0.925799741592175
-0.320104469201133
0.0543640189231651
-0.620173819909209
0.907238531953429
-0.358418862312885
0.762134636005738
0.322465987860905
-0.050655591681705
-0.299656475758647
-0.539227592824987
-1.57314520981203
0.45619415348366
-1.24693827284953
-0.449624146926205
0.85780363385198
-1.92558404187873
1.2402922904757
1.49129174708419
0.154362178335004
-0.841346146766211
-0.365690509385384
-0.420402103287715
0.165205845949779
1.20309409395888
-1.31511197847314
0.329589206767412
0.577865030669248
0.278861769801953
1.58805020650329
-2.2172271434062
-0.222770440551286
-0.815724880053472
0.482604411835207
0.521527862245659
0.319973985665635
0.530674033406585
0.429142549616415
0.180645951202605
-0.0302562854036294
0.0919431448522264
0.114067951864704
0.405541395796749
0.395256416625544
-0.638521422312455
-0.355350480793565
-0.198922050941058
0.756505935632355
0.88508312457424
-1.16930988167776
1.19978336196556
-0.642561479106854
0.0224560379264306
-0.565877807864711
-0.220037024098053
0.358750669715286
0.474865426451358
-0.892310893069981
-0.463827819415722
0.688994934573706
3.17471159048651
-0.590352716528898
1.96293735794636
0.250744757125853
-0.351997706523597
-1.09234504934965
-0.830643992079434
1.61376062238695
1.12060564754863
0.667582630013864
-0.170245883687563
-0.646459338846985
-2.03020590665641
-0.15459814688283
-0.015566987263928
1.04240658603004
-1.89420003808808
-0.26965435179256
-0.0915673131773039
0.870014111853073
0.995947350418349
-0.668410039828578
-0.0789715827091278
-0.544247845594109
0.232668749583137
0.0347598138350504
1.02166930766507
-0.248747364026894
-1.34766321986993
-1.13053969819256
0.905844302403101
-0.212217728263154
0.676100208678746
1.20132003139651
-0.353246683778595
-1.14769308416103
0.328877265877383
-0.185200662260533
-0.173686674341581
1.15281950020106
-0.495652539553748
-0.01766669841163
0.074581952242602
-0.407587664373922
0.589822710963069
1.13473557603148
-0.353894372692715
-1.0566867521404
-0.000131708890552157
1.72127923650563
0.456989304649641
-0.469681777598039
-0.374546408091042
-0.558883686852717
-0.618073204147176
1.22724272828839
0.813219486381891
-0.118700502135854
-0.34410888221474
0.284223300957265
0.586966426407983
-0.578499423088809
0.528620139494795
-0.736910144483302
1.05909561971668
-1.22037610642265
0.275754326806941
-0.00258069653219058
-0.280463613680379
0.346306472108429
-0.539823762444664
-0.315393535660797
-0.0252297434153001
0.8732025512487
0.0438535639816962
0.684864958677752
3.95840773416117
0.88317094609612
0.26770584216965
0.253665465405867
-0.0974014230942207
0.0151860777646413
-1.2156419179999
0.152098041357118
-1.32596622729023
-0.248184251382163
-0.770864670004037
-0.996584474522875
-0.703734911559221
0.998367342871513
-0.667625854890618
-0.762428489779614
0.921558288538908
-0.124706501085852
-0.0667934992154531
0.619047643717727
1.14745904635281
0.336343471614367
1.06932258893903
0.621701895719249
1.02963437984823
-0.90417477551015
0.500319722797915
-0.223328695608041
-0.38301364370278
-0.386957107054088
-0.0528606301865331
1.20781547438891
-0.857902109590446
-0.364710566994386
0.600976010971244
1.40621143919491
1.16543803173324
0.556455447462883
0.0996651943502872
0.286695357801954
-0.789394101461756
-1.13755594194785
1.05846902415584
-0.592474039863898
0.268153886704045
1.77385698960338
-1.04087300271696
-1.07646808473893
-1.06667883955777
0.618120547947995
-0.0086259191954966
-0.222998671430694
-0.986412675416365
-0.334796114601945
0.577772019083644
-0.0680986545794046
-1.2215772115141
2.36062021746683
-1.73063305295292
-3.02466296011713
-0.447849853538844
-0.740305784194197
-0.693099681449714
1.15614896867592
0.551809911645955
1.03038803881819
-0.70836579684733
0.801094780151553
1.42314154135986
-0.32515048210985
0.713789023750178
0.125512389132886
-0.829005439124886
1.1669704357295
0.601791186301314
0.126756102879574
0.354870680688282
1.15186819000568
-0.0792866465267422
0.254366560238238
-0.0854586821652105
-0.198776995355357
1.28430071239852
-0.1059588115292
-0.257266556528977
-0.754330634154096
-0.924301452852793
0.716221799506463
-1.22798493945716
-0.655641972447769
-0.237976507808877
0.384402468402989
1.34386444904439
-0.307675827167648
-0.665981422562591
1.14953137568198
-0.712552056451458
-1.16708801254871
-0.214487939931342
-1.1003026170156
0.34219499630232
-0.381919741950224
-0.479062050230918
-1.47930189582743
2.49593622684472
0.136224120124775
0.385589965267588
0.603553500786823
-0.487396257969931
-1.03082809158802
-0.638926505610792
-0.828651443788275
-0.208293807911216
-0.992911803307502
0.736625618457723
1.79820169541558
-0.559489603031098
-0.807152862777277
-0.349877220501723
-0.565329579283003
-0.672136964093424
0.945803792614217
0.149418815063199
-0.678928441303367
1.57460490229198
0.019026094791295
-0.276000733301834
-6.05182471470154
-1.37007955215677
0.692779486238131
-1.44889365250435
0.719836428137241
0.245774312206545
0.184107591860076
0.530910027071094
-0.0668804542956876
-0.079876870363904
0.213418159223385
-0.267731568868331
0.744531944190939
0.824077588292764
-0.0138779352111778
-0.0961058409289345
-0.0759259456754801
0.41550075608763
0.334249776478486
-0.124283147086109
-0.184660076985256
0.0533848776836531
-0.364584057877444
-0.00419915948974565
-1.0130214193735
-0.390811367291331
0.0281110894743838
-1.28756964995718
0.714374051868804
-1.33667846113747
-0.120594167008627
-1.52604726540555
0.472675396291535
0.218374447366113
0.165314185345974
1.2110544768618
-0.372810921105262
0.876851848338678
-0.0814630154145916
0.0130217579234003
-2.51115211976342
-0.411929723625527
-0.4035050044949
-0.0614624889957669
-0.522643052394001
0.0471779645926328
-0.765782227905313
1.9864198443711
-0.217145644698352
0.046141512184673
0.346723796057876
0.0150884982227202
-0.251621325633233
1.05839768398776
-0.237687678611288
-1.05975362525877
2.24451283742348
-0.499063430829282
0.529328106210894
0.537827350975492
7.73365762772012
1.49133041789989
-0.156369295536906
-0.541860149686701
-1.28648099499545
-1.54352419590379
0.411313562881411
1.11010806858316
-0.446620102973569
-0.0605175355331121
0.279561831873686
1.24413355558176
-0.525486625706502
-0.378910735096203
-0.185682915257497
-0.0438601425387272
-0.252433629742452
-0.737488741052743
-0.453927226755364
1.31285018524571
-0.253561268195829
-0.833993905291422
0.439340358204751
-0.46295361564929
-0.142464215431148
-0.738264461959297
-0.354390505652925
-0.630864773262808
-0.161692051768601
1.3575787923426
-0.29166527081044
-0.736219386093218
-0.756693284782212
0.650403315779709
1.03119137613039
-0.933269689821551
0.132769440820762
-0.512253855425479
-0.44266290370039
-0.0354223024374984
-0.652425126783563
-1.41412997150148
-0.363502616066585
0.39088742684913
-0.124787568456625
-0.0671988732868325
-0.199670890465517
-0.155492501874324
0.426579725812486
0.100253494614907
1.64698184952878
0.0809108234982478
0.19410277707056
1.64082700218252
-0.135967903742301
0.498020722885272
0.621155832277317
-3.43115920672951
0.8187232359444
-0.312522694185292
-0.975236122519102
-0.0663859164030576
1.44592510916837
0.847956820082348
-0.327974387765073
0.11693103609444
1.12505542268757
0.00720508156982027
-1.65913245872492
0.130106400772814
-0.579240223200095
0.468724949944692
-0.0726838682506045
0.395895742851193
0.491185818238239
0.397529645659661
-1.2576941481604
-1.68187663028351
-4.09868485320622
-1.68995596447407
-1.37071748978567
2.33091111245721
1.10857542568422
-0.00260260727802098
-2.11563813522181
1.35556634854054
0.0930697544012446
-0.835431320968249
1.12624205481655
-0.752272851318015
0.166076786745849
0.145306389012256
-0.454144618061811
0.890632383777359
0.280042514965432
-0.0837473980649116
-0.84660128579017
0.623931491085346
-0.256558828415787
-0.0684523866557021
0.0424905439132455
-0.816322468898615
0.139212489127369
0.970326190645635
0.387118420337301
1.16125878954762
1.26068155390998
0.102061516340919
0.0188956277292355
0.805452517723452
-0.492339827384636
-0.337881456810768
-0.33147261709909
0.408038625489087
0.658203171070984
0.106553484387814
0.170345969685485
-0.934990219770644
1.19289685290013
7.07129076054963
1.40737469361562
-0.60933138485659
0.254458383410911
-0.695178770304198
-0.79697587776602
0.581718626083065
0.915812974629619
0.219375418398872
-0.0657178289746266
0.565259302248605
-0.920414437836909
-0.775112683196396
0.111044175292526
-0.428085530651607
-0.610180689621531
1.04602293271346
-0.560563472166259
0.98614106641725
0.057930945279686
0.254873490365432
-0.0507738396876524
0.0256162134867541
-0.822017519764175
0.832237803458761
1.11377287523367
-0.0677417598985004
-1.44745132306991
2.14489231069778
-0.169463995606692
-0.0762417294253165
-1.09592604417377
0.307759569897539
-1.59268190021925
1.22374959612024
0.021699564061557
0.553029043747752
-1.97317159801554
0.725946404411799
0.530398745226123
0.482793194434026
-0.220169417182915
0.992402957342438
-0.331080603717848
-1.04473665849957
-0.834992482890399
0.23789117236666
-1.22503377370717
-2.15538329662032
0.12107078744658
-0.0720208717239649
0.480138396836651
-1.31032293484937
1.51194055021774
-2.19062992854878
-0.424489296863114
0.177940878218547
-0.334838355020551
1.75007817084017
-0.503096163212015
0.322955821964388
-0.964139658970525
0.765747318010876
2.86515020198689
-0.356623276397872
-1.5201472146976
-0.72079876788107
-0.163209407943315
-1.60413110121378
-0.632810782821348
-0.135329869088582
0.332802941827257
-0.0498073121558734
0.706810726419648
0.845766246748467
1.19454654786585
-0.243056500174939
-0.381631868878616
0.755162033464711
-1.44557587912063
0.128541872476542
0.663535674316228
-0.800608850101463
-0.433838333339465
1.60303141397182
0.304105515826591
-0.606605960947272
-0.342513881962636
-1.01573308868794
0.555295972770875
1.11627187210227
-0.789689505865918
0.926982236233346
0.0566707483879196
0.373671239038602
0.726561341326576
0.273464541577838
-1.26921942879055
0.540277373533838
-0.14277956255581
0.21099949168648
0.503202666235051
0.333758571890141
0.159394494935307
0.356214516588667
-0.222190370123547
-1.14871694532164
0.626648642253813
-0.855978192054842
-0.0964944477269047
-0.187506431866252
0.38475989353749
0.868257286390655
-0.0411648431503268
0.341072202294431
1.08254832521067
-0.15592469244294
-1.20928366966252
0.202420882117795
-5.70055823401812
0.273726690446034
-0.688365199060941
-1.53195376759166
-0.0614259012610343
-0.121676041717266
0.0526584804222508
0.034227293759194
0.451635043991281
-0.399997065767652
1.03977578649682
-0.00911251380644851
0.497794002696943
-0.563300559860208
0.859742847274448
-1.2122739267139
0.304392151613787
-0.631481349946226
0.313806692286845
-0.773116852163683
1.85327069884224
0.564379435322216
-0.313523897173374
0.46711246034881
0.781186435049424
-0.231727502111885
-0.515170759207398
-0.923606902989014
0.372356343887163
-0.0873892803279367
-0.130496574098447
-0.627664262906602
-0.243407173232219
-1.9305003765917
-0.437871537649406
-0.226392453406937
0.530212362205308
-0.130403579034375
1.50262034013309
-0.318719277143763
1.20552694799781
-2.83787659691758
-1.61712724173137
1.01990621740969
1.09989887578693
0.602518442408879
-0.0496735759575826
-0.0303929709244553
0.193994526764341
-0.0449303407824132
1.07943148107553
0.302980177363664
0.72241549828806
0.325789775302741
0.244721158077251
-0.106569938892518
0.303664294214544
-1.29382952090801
3.73130628916622
-0.173941717099911
0.863511582149623
0.139375405883583
-0.0151780606919009
-0.787893772461234
-0.0277718747552132
0.565917630704191
-0.19092482877725
-0.0583871839738198
1.10483525952663
0.747887682509264
0.0808958289617008
-0.123617934861027
0.363178914712181
-0.634597164702976
0.213241117498606
-0.588381136547754
0.124337890731345
-0.00494762062110811
-0.0401150007833747
0.0126649059726938
0.334321753819617
0.0325167654927018
0.355987058988545
-0.378068051533539
-0.381053064874706
-0.991789141988466
0.174869587989961
0.0766835388636482
-0.221501164060851
0.0153085720787085
-0.623459703115929
-2.84500684575171
1.47065718710443
-1.00381437069051
-0.534844034206239
1.51923478619196
0.0286318547417479
-0.624514027859165
-0.277284557246571
1.57954740379786
0.0282921026327957
-0.756227395520497
-0.98012707342023
1.65942416626477
0.0579839566189141
-1.10648392707535
0.24620899734441
-0.360224311038585
-0.364894975657349
0.59268467149975
0.0956801193603379
0.0294649331069325
-1.18627738701304
-0.210571922485394
-0.409470173910887
0.812077949341904
-0.431472902134472
0.710378921517971
-0.311312867763447
-0.590357957952057
4.29671349786568
1.97585159506477
-0.0798664665044192
-0.605176524347525
-0.853366231374674
-0.397279024406381
0.00775124075462045
-0.251518154650276
-0.647581207858537
-0.408821731309353
-0.849870817913691
2.53474165180395
0.0068009146537341
-0.502264599809712
-2.2110662288825
0.352174649483741
-1.23576605232916
1.37086914778816
0.89350801356171
1.1441037384513
-0.398955422401469
0.561248672690322
0.26292648409249
-0.967727436154176
0.201923046122484
0.550936646778718
-1.12674930957776
-1.35956111089069
0.00671357906762666
1.12114687301919
-0.375527750481572
1.66664855648549
-0.470117405791394
1.06893666661218
0.177445359294987
0.913607735569311
-0.41346281287226
-0.177101427365907
1.23634589580165
-0.155354532717286
-0.059701181705128
-0.0490241472230595
-0.487337140418982
-0.407004028541585
-0.189705304084913
-1.14918528437278
0.533317197118762
-0.449799046399787
-0.0645027667008389
0.711393420334433
-0.358239321097482
-0.0982241715962392
0.797332235899459
-0.957397927682888
0.063683094017292
-0.332253809358309
-0.119324732420117
-0.396663084914047
0.995960861524783
0.825900547524978
0.181286476097693
0.902672278361341
2.42375630905325
-1.07006179983409
-0.772750316400717
-1.60164637446659
-0.600355052920825
0.604944405614534
-0.115810410433409
-0.352728325752991
-0.191028020822047
0.962153742108765
-0.153191671258153
0.984951456233088
0.280803506231931
-0.13270808357958
-0.0903809473375177
0.0834056417452178
-0.297642495728688
-0.30242853806036
0.365723421918034
-0.085151581677573
-0.800143962661116
-0.529705328339929
1.61626467866727
-1.666963271752
0.297024201472978
-0.0444119520918392
0.13533943635737
0.925779079906136
-0.524419794053022
0.257158965696059
-0.468323925342496
-0.608674361835974
0.505119305223357
-0.278353320601338
0.325196257480977
0.0212148754833372
0.0983047941820402
-0.412018707752581
0.122253781334335
0.146775554944512
0.299763886748602
0.285168733152784
0.425591919328009
0.228909674592505
-0.836749512686648
0.29513874088037
-0.505319187022519
0.27773874856584
-0.232973668670477
-0.476329185768952
-0.235884762951518
-0.725170517153563
-0.777835479519852
0.899929869951301
-0.912350349640038
0.904179407788508
1.86158600326865
2.24695261767412
0.659186874142708
-0.275148195697122
1.15116644732129
1.54190376755472
-0.512711262842735
-0.604361164035611
0.257515061359035
-0.212755989096424
0.0945581108542218
0.44085460853733
-1.851988329272
-0.239029936021315
-0.00194844534128383
2.56605797106704
-3.54209097309456
0.248038630433535
-0.100386214084323
1.04491339398567
0.260692524339512
0.0580539093933808
1.24542125860044
0.439786368231528
0.61944487477007
-0.979517175302883
0.314110436596097
2.49291970762022
0.665627203533035
0.267756860044663
-0.272618386119976
-0.74522623432245
-2.48775360303168
-0.742727791008113
1.00844093995046
-0.528778684803904
-0.51675546546515
1.12508491159158
-1.22294944372328
0.35183791347882
-0.0732603113797235
1.09405499529512
-0.881706335087189
-1.60635355668835
0.579015453355212
-1.48560873774686
0.394508287923342
-0.843437073446632
0.875019931155789
-0.570706876824252
0.853677103116063
0.475970401148716
-0.0438060295981522
1.19812266854841
0.601269169670878
1.02745897928376
0.548364641516379
-0.113138515590688
0.565467067453942
0.346085337901873
-0.565418294202507
-0.28498978607048
0.635214781255577
-0.234367230849213
-1.16207780749255
-0.203944911378438
-0.473548197062386
-0.210308013124663
-0.463695286928225
-0.204307629983022
0.609439325545754
-0.432823635262407
0.438302046262006
-1.9096366817695
1.23171213920123
1.20549462998257
-0.0397462169392785
0.448658176444217
-1.59166662346631
0.0402304105997521
-0.460247547071752
1.12436716544544
-0.572911634451413
-0.0974232637771737
0.0907830592128146
0.218803517942556
1.16470154270011
0.891242139439398
-1.11694122195792
-0.462785099894785
-0.320194809348765
1.08872574129932
-0.504338368897161
0.881783242651315
-0.164853033669833
0.593012836176246
-0.628125123776424
0.607728178970531
-0.261827398447282
0.290386306493543
-0.741816064005593
-1.02832855899731
0.181421312574487
-1.56412920052443
0.637638769651129
-0.0422714421535973
0.707591781946935
0.0811801925560317
-0.531691438482991
0.490323467424522
1.63082588403453
-0.0341786122307925
0.310451380885774
0.0998252133286644
0.911540355357797
0.441024585847247
0.147004285496303
-0.175616506854327
-0.0579223263363668
0.383207964703469
1.36135030511428
-0.0611270871475915
-0.0471003745118761
-0.488027258746795
0.12023535981191
8.70032529239931
0.0208636338857973
-0.962110787295888
-0.0744502620914143
NA
NA
NA
NA
NA
NA
NA
NA
NA
NA
NA
NA
NA
NA
NA
NA
NA
NA
NA
NA
NA
NA
NA
NA
NA
NA
NA
NA
NA
NA
NA
NA
NA
NA
NA
NA
NA
NA
NA
NA
NA
NA
NA
NA
NA
NA
NA
NA
NA
NA
NA
NA
NA
NA
NA
NA
NA
NA
NA
NA
NA
NA
NA
NA
NA
NA
NA
NA
NA
NA
NA
NA
NA
NA
NA
NA
NA
NA
NA
NA
NA
NA
NA
NA
NA
NA
NA
NA
NA
NA
NA
NA
NA
NA
NA
NA
NA
NA
NA
NA
NA
NA
NA
NA
NA
NA
NA
NA
NA
NA
NA
NA
NA
NA
NA
NA
NA
NA
NA
NA
NA
NA
NA
NA
NA
NA
NA
NA
NA
NA
NA
NA
NA
NA
NA
NA
NA
NA
NA
NA
NA
NA
NA
NA
NA
NA
NA
NA
NA
NA
NA
NA
NA
NA
NA
NA
NA
NA
NA
NA
NA
NA
NA
NA
NA
NA
NA
NA
NA
NA
NA
NA
NA
NA
NA
NA
NA
NA
NA
NA
NA
NA
NA
NA
NA
NA
NA
NA
NA
NA
NA
NA
NA
NA
NA
NA
NA
NA
NA
NA
NA
NA
NA
NA
NA
NA
NA
NA
NA
NA
NA
NA
NA
NA
NA
NA
NA
NA
NA
NA
NA
NA
NA
NA
NA
NA
NA
NA
NA
NA
NA
NA
NA
NA
NA
NA
NA
NA
NA
NA
NA
NA
NA
NA
NA
NA
NA
NA
NA
NA
NA
NA
NA
NA
NA
NA
NA
NA
NA
NA
NA
NA
NA
NA
NA
NA
NA
NA
NA
NA
NA
NA
NA
NA
NA
NA
NA
NA
NA
NA
NA
NA
NA
NA
NA
NA
NA
NA
NA
NA
NA
NA
NA
NA
NA
NA
NA
NA
NA
NA
NA
NA
NA
NA
NA
NA
NA
NA
NA
NA
NA
NA
NA
NA
NA
NA
NA
NA
NA
NA
NA
NA
NA
NA
NA
NA
NA
NA
NA
NA
NA
NA
NA
NA
NA
NA
NA
NA
NA
NA
NA
NA
NA
NA
NA
NA
NA
NA
NA
NA
NA
NA
NA
NA
NA
NA
NA
NA
NA
NA
NA
NA
NA
NA
NA
NA
NA
NA
NA
NA
NA
NA
NA
NA
NA
NA
NA
NA
NA
NA
NA
NA
NA
NA
NA
NA
NA
NA
NA
NA
NA
NA
NA
NA
NA
NA
NA
NA
NA
NA
NA
NA
NA
NA
NA
NA
NA
NA
NA
NA
NA
NA
NA
NA
NA
NA
NA
NA
NA
NA
NA
NA
NA
NA
NA
NA
NA
NA
NA
NA
NA
NA
NA
NA
NA
NA
NA
NA
NA
NA
NA
NA
NA
NA
NA
NA
NA
NA
NA
NA
NA
NA
NA
NA
NA
NA
NA
NA
NA
NA
NA
NA
NA
NA
NA
NA
NA
NA
NA
NA
NA
NA
NA
NA
NA
NA
NA
NA
NA
NA
NA
NA
NA
NA
NA
NA
NA
NA
NA
NA
NA
NA
NA
NA
NA
NA
NA
NA
NA
NA
NA
NA
NA
NA
NA
NA
NA
NA
NA
NA
NA
NA
NA
NA
NA
NA
NA
NA
NA
NA
NA
NA
NA
NA
NA
NA
NA
NA
NA
NA
NA
NA
NA
NA
NA
NA
NA
NA
NA
NA
NA
NA
NA
NA
NA
NA
NA
NA
NA
NA
NA
NA
NA
NA
NA
NA
NA
NA
NA
NA
NA
NA
NA
NA
NA
NA
NA
NA
NA
NA
NA
NA
NA
NA
NA
NA
NA
NA
NA
NA
NA
NA
NA
NA
NA
NA
NA
NA
NA
NA
NA
NA
NA
NA
NA
NA
NA
NA
NA
NA
NA
NA
NA
NA
NA
NA
NA
NA
NA
NA
NA
NA
NA
NA
NA
NA
NA
NA
NA
NA
NA
NA
NA
NA
NA
NA
NA
NA
NA
NA
NA
NA
NA
NA
NA
NA
NA
NA
NA
NA
NA
NA
NA
NA
NA
NA
NA
NA
NA
NA
NA
NA
NA
NA
NA
NA
NA
NA
NA
NA
NA
NA
NA
NA
NA
NA
NA
NA
NA
NA
NA
NA
NA
NA
NA
NA
NA
NA
NA
NA
NA
NA
NA
NA
NA
NA
NA
NA
NA
NA
NA
NA
NA
NA
NA
NA
NA
NA
NA
NA
NA
NA
NA
NA
NA
NA
NA
NA
NA
NA
NA
NA
NA
NA
NA
NA
NA
NA
NA
NA
NA
NA
NA
NA
NA
NA
NA
NA
NA
NA
NA
NA
NA
NA
NA
NA
NA
NA
NA
NA
NA
NA
NA
NA
NA
NA
NA
NA
NA
NA
NA
NA
NA
NA
NA
NA
NA
NA
NA
NA
NA
NA
NA
NA
NA
NA
NA
NA
NA
NA
NA
NA
NA
NA
NA
NA
NA
NA
NA
NA
NA
NA
NA
NA
NA
NA
NA
NA
NA
NA
NA
NA
NA
NA
NA
NA
NA
NA
NA
NA
NA
NA
NA
NA
NA
NA
NA
NA
NA
NA
NA
NA
NA
NA
NA
NA
NA
NA
NA
NA
NA
NA
NA
NA
NA
NA
NA
NA
NA
NA
NA
NA
NA
NA
NA
NA
NA
NA
NA
NA
NA
NA
NA
NA
NA
NA
NA
NA
NA
NA
NA
NA
NA
NA
NA
NA
NA
NA
NA
NA
NA
NA
NA
NA
NA
NA
NA
NA
NA
NA
NA
NA
NA
NA
NA
NA
NA
NA
NA
NA
NA
NA
NA
NA
NA
NA
NA
NA
NA
NA
NA
NA
NA
NA
NA
NA
NA
NA
NA
NA
NA
NA
NA
NA
NA
NA
NA
NA
NA
NA
NA
NA
NA
NA
NA
NA
NA
NA
NA
NA
NA
NA
NA
NA
NA
NA
NA
NA
NA
NA
NA
NA
NA
NA
NA
NA
NA
NA
NA
NA
NA
NA
NA
NA
NA
NA
NA
NA
NA
NA
NA
NA
NA
NA
NA
NA
NA
NA
NA
NA
NA
NA
NA
NA
NA
NA
NA
NA
NA
NA
NA
NA
NA
NA
NA
NA
NA
NA
NA
NA
NA
NA
NA
NA
NA
NA
NA
NA
NA
NA
NA
NA
NA
NA
NA
NA
NA
NA
NA
NA
NA
NA
NA
NA
NA
NA
NA
NA
NA
NA
NA
NA
NA
NA
NA
NA
NA
NA
NA
NA
NA
NA
NA
NA
NA
NA
NA
NA
NA
NA
NA
NA
NA
NA
NA
NA
NA
NA
NA
NA
NA
NA
NA
NA
NA
NA
NA
NA
NA
NA
NA
NA
NA
NA
NA
NA
NA
NA
NA
NA
NA
NA
NA
NA
NA
NA
NA
NA
NA
NA
NA
NA
NA
NA
NA
NA
NA
NA
NA
NA
NA
NA
NA
NA
NA
NA
NA
NA
NA
NA
NA
NA
NA
NA
NA
NA
NA
NA
NA
NA
NA
NA
NA
NA
NA
NA
NA
NA
NA
NA
NA
NA
NA
NA
NA
NA
NA
NA
NA
NA
NA
NA
NA
NA
NA
NA
NA
NA
NA
NA
NA
NA
NA
NA
NA
NA
NA
NA
NA
NA
NA
NA
NA
NA
NA
NA
NA
NA
NA
NA
NA
NA
NA
NA
NA
NA
NA
NA
NA
NA
NA
NA
NA
NA
NA
NA
NA
NA
NA
NA
NA
NA
NA
NA
NA
NA
NA
NA
NA
NA
NA
NA
NA
NA
NA
NA
NA
NA
NA
NA
NA
NA
NA
NA
NA
NA
NA
NA
NA
NA
NA
NA
NA
NA
NA
NA
NA
NA
NA
NA
NA
NA
NA
NA
NA
NA
NA
NA
NA
NA
NA
NA
NA
NA
NA
NA
NA
NA
NA
NA
NA
NA
NA
NA
NA
NA
NA
NA
NA
NA
NA
NA
NA
NA
NA
NA
NA
NA
NA
NA
NA
NA
NA
NA
NA
NA
NA
NA
NA
NA
NA
NA
NA
NA
NA
NA
NA
NA
NA
NA
NA
NA
NA
NA
NA
NA
NA
NA
NA
NA
NA
NA
NA
NA
NA
NA
NA
NA
NA
NA
NA
NA
NA
NA
NA
NA
NA
NA
NA
NA
NA
NA
NA
NA
NA
NA
NA
NA
NA
NA
NA
NA
NA
NA
NA
NA
NA
NA
NA
NA
NA
NA
NA
NA
NA
NA
NA
NA
NA
NA
NA
NA
NA
NA
NA
NA
NA
NA
NA
NA
NA
NA
NA
NA
NA
NA
NA
NA
NA
NA
NA
NA
NA
NA
NA
NA
NA
NA
NA
NA
NA
NA
NA
NA
NA
NA
NA
NA
NA
NA
NA
NA
NA
NA
NA
NA
NA
NA
NA
NA
NA
NA
NA
NA
NA
NA
NA
NA
NA
NA
NA
NA
NA
NA
NA
NA
NA
NA
NA
NA
NA
NA
NA
NA
NA
NA
NA
NA
NA
NA
NA
NA
NA
NA
NA
NA
NA
NA
NA
NA
NA
NA
NA
NA
NA
NA
NA
NA
NA
NA
NA
NA
NA
NA
NA
NA
NA
NA
NA
NA
NA
NA
NA
NA
NA
NA
NA
NA
NA
NA
NA
NA
NA
NA
NA
NA
NA
NA
NA
NA
NA
NA
NA
NA
NA
NA
NA
NA
NA
NA
NA
NA
NA
NA
NA
NA
NA
NA
NA
NA
NA
NA
NA
NA
NA
NA
NA
NA
NA
NA
NA
NA
NA
NA
NA
NA
NA
NA
NA
NA
NA
NA
NA
NA
NA
NA
NA
NA
NA
NA
NA
NA
NA
NA
NA
NA
NA
NA
NA
NA
NA
NA
NA
NA
NA
NA
NA
NA
NA
NA
NA
NA
NA
NA
NA
NA
NA
NA
NA
NA
NA
NA
NA
NA
NA
NA
NA
NA
NA
NA
NA
NA
NA
NA
NA
NA
NA
NA
NA
NA
NA
NA
NA
NA
NA
NA
NA
NA
NA
NA
NA
NA
NA
NA
NA
NA
NA
NA
NA
NA
NA
NA
NA
NA
NA
NA
NA
NA
NA
NA
NA
NA
NA
NA
NA
NA
NA
NA
NA
NA
NA
